2175930136194141220 904330915 5.0
4379886356227390589 904330915 3.0
7139577489143729217 2517399085 5.0
-226771442397093215 2517399085 1.0
-5421238121757225593 2517399085 4.0
4393926441864413032 2517399085 5.0
-4001124720377086973 2517399085 5.0
1569085819111039173 2627312981 4.0
-7118673258845738644 2627312981 5.0
-8846654240002340971 2627312981 5.0
-1431245134354577786 2627312981 4.0
-104019622862319934 2627312981 5.0
224013000583114626 2627418546 5.0
-2469564252364958893 4013135970 5.0
-6137073528346117391 4013135970 5.0
